1.000000000 0.000000000 0.000000000 0.000000000 0.000000000 1.000000000 0.000000000 0.000000000 0.000000000 0.000000000 1.000000000 0.000000000
0.999996006 0.002536390 0.001259858 -0.006422511 -0.002533712 0.999994516 -0.002122539 0.004945986 -0.001265235 0.002119338 0.999996960 0.006995285
0.999998510 0.001575008 0.000728974 -0.005297717 -0.001573894 0.999997616 -0.001527170 0.003302330 -0.000731377 0.001526021 0.999998569 0.004382727
0.999999881 -0.000291048 -0.000421187 -0.004388133 0.000291017 0.999999940 -0.000072114 0.002358702 0.000421208 0.000071991 0.999999881 0.002121853
0.999998152 -0.001875500 -0.000394042 -0.004710075 0.001875784 0.999997973 0.000719593 0.004639402 0.000392691 -0.000720331 0.999999642 0.003962285
1.000000000 -0.000056680 0.000102563 -0.003715875 0.000056484 0.999998152 0.001910055 0.003673853 -0.000102671 -0.001910049 0.999998152 0.001579883
0.999997497 -0.002077589 0.000820954 -0.003227920 0.002076697 0.999997258 0.001085879 0.003598298 -0.000823208 -0.001084172 0.999999046 0.006804541
0.999997258 -0.002050181 0.001122543 -0.002629665 0.002049336 0.999997616 0.000753228 0.004029640 -0.001124084 -0.000750925 0.999999106 0.009416529
0.999963045 -0.007865117 0.003463632 -0.001323108 0.007845057 0.999952614 0.005767548 0.004250126 -0.003508830 -0.005740162 0.999977350 0.008894099
0.999968588 -0.007391581 0.002858370 -0.003645046 0.007375605 0.999957323 0.005559972 0.004621212 -0.002899345 -0.005538715 0.999980450 0.009588245
0.999989152 -0.004525511 -0.001085870 -0.004762958 0.004531346 0.999974966 0.005433667 0.006045841 0.001061253 -0.005438529 0.999984622 0.011998358
0.999982178 -0.004456558 -0.003973320 -0.008456609 0.004482435 0.999968648 0.006527715 0.006464219 0.003944105 -0.006545409 0.999970794 0.010813612
0.999977052 -0.004982126 -0.004586493 -0.008596800 0.005013153 0.999964476 0.006778259 0.006565242 0.004552560 -0.006801097 0.999966502 0.013041159
0.999967039 -0.006548848 -0.004804757 -0.008552530 0.006587460 0.999945760 0.008064983 0.006146457 0.004751680 -0.008096369 0.999955952 0.012555310
0.999978185 -0.006598444 0.000225804 -0.007941516 0.006596729 0.999954462 0.006899933 0.004411550 -0.000271322 -0.006898293 0.999976158 0.013522796
0.999980211 -0.006172317 0.001229355 -0.008862624 0.006163870 0.999958158 0.006759908 0.006477398 -0.001271027 -0.006752197 0.999976397 0.018090900
0.999983788 -0.004908753 0.002881055 -0.008954505 0.004890249 0.999967575 0.006394956 0.005074390 -0.002912353 -0.006380763 0.999975383 0.018277308
0.999985456 -0.004605714 0.002808467 -0.008424080 0.004585089 0.999962807 0.007306819 0.005619625 -0.002842016 -0.007293835 0.999969363 0.021205375
0.999991119 -0.003111078 0.002836779 -0.009940364 0.003089317 0.999966025 0.007643267 0.005069996 -0.002860461 -0.007634436 0.999966741 0.021333268
0.999991596 -0.002352107 0.003355802 -0.009831057 0.002325666 0.999966383 0.007861451 0.006040670 -0.003374180 -0.007853581 0.999963462 0.023194429
0.999992728 -0.002416617 0.002956646 -0.008803419 0.002391967 0.999962568 0.008312357 0.006977462 -0.002976623 -0.008305225 0.999961078 0.024490191
0.999988437 -0.003354400 0.003447331 -0.008753563 0.003323736 0.999955177 0.008862657 0.004463154 -0.003476905 -0.008851096 0.999954760 0.021518856
0.999985039 -0.004648134 0.002880156 -0.011782165 0.004620638 0.999944389 0.009480785 0.006211520 -0.002924064 -0.009467334 0.999950886 0.025886310
0.999996901 -0.001721580 0.001784340 -0.011261436 0.001705616 0.999958873 0.008910021 0.004650738 -0.001799606 -0.008906949 0.999958694 0.023110084
0.999998629 -0.000992852 0.001307707 -0.011630188 0.000982488 0.999968290 0.007902335 0.006438655 -0.001315512 -0.007901040 0.999967933 0.028384311
0.999999106 -0.000953204 0.000928667 -0.012215273 0.000945298 0.999963641 0.008476132 0.005804291 -0.000936712 -0.008475246 0.999963641 0.024272228
0.999998868 -0.000212325 0.001495005 -0.012907470 0.000200997 0.999971271 0.007573603 0.006194680 -0.001496570 -0.007573294 0.999970198 0.023445759
0.999998987 0.000149857 0.001396619 -0.012109669 -0.000159272 0.999977231 0.006743531 0.007244383 -0.001395577 -0.006743747 0.999976277 0.025549380
0.999996483 0.000677318 0.002573926 -0.013428062 -0.000695777 0.999974012 0.007177778 0.006106091 -0.002568997 -0.007179543 0.999970913 0.025877135
0.999999046 -0.001291235 -0.000453657 -0.016059136 0.001294170 0.999977827 0.006530753 0.005528814 0.000445214 -0.006531334 0.999978542 0.024930645
0.999998629 0.001005959 -0.001306863 -0.014840672 -0.000996170 0.999971628 0.007469723 0.006328819 0.001314340 -0.007468412 0.999971271 0.025576519
0.999999642 0.000817826 -0.000101971 -0.012159162 -0.000816791 0.999951899 0.009771857 0.005520363 0.000109958 -0.009771771 0.999952257 0.028085852
0.999998331 0.001439987 0.001144566 -0.012872440 -0.001448684 0.999969780 0.007634231 0.007715800 -0.001133538 -0.007635876 0.999970198 0.026129216
0.999999285 0.000016860 0.001195116 -0.012623971 -0.000025645 0.999972999 0.007351010 0.006697523 -0.001194960 -0.007351035 0.999972284 0.027685067
0.999998868 0.001095387 0.001012433 -0.013220996 -0.001103999 0.999962866 0.008544676 0.005750056 -0.001003036 -0.008545784 0.999962986 0.027362647
0.999997735 0.001651533 0.001346634 -0.014070045 -0.001662917 0.999962509 0.008496536 0.007424564 -0.001332552 -0.008498755 0.999962986 0.027198862
0.999998093 0.001257318 0.001483885 -0.015305992 -0.001269374 0.999965966 0.008151493 0.005344397 -0.001473585 -0.008153361 0.999965668 0.025182655
0.999992907 0.003058694 0.002188866 -0.017157312 -0.003073537 0.999972105 0.006809818 0.007118336 -0.002167976 -0.006816497 0.999974430 0.024707638
0.999989688 0.003498222 0.002892651 -0.017703099 -0.003515751 0.999975324 0.006077255 0.008742872 -0.002871320 -0.006087362 0.999977350 0.029828010
0.999988377 0.003972116 0.002729857 -0.016223205 -0.003989710 0.999971092 0.006469871 0.006214307 -0.002704079 -0.006480688 0.999975324 0.026006872
0.999981523 0.005196469 0.003156333 -0.016340610 -0.005211994 0.999974251 0.004930619 0.006106177 -0.003130629 -0.004946978 0.999982834 0.025041318
0.999986172 0.004530017 0.002662831 -0.017604867 -0.004541442 0.999980450 0.004300453 0.008316153 -0.002643298 -0.004312487 0.999987185 0.026948759
0.999988317 0.004222271 0.002342751 -0.016281398 -0.004231873 0.999982595 0.004108750 0.007875415 -0.002325363 -0.004118616 0.999988794 0.029601049
0.999989688 0.004514085 0.000550552 -0.014145259 -0.004516268 0.999981701 0.004028826 0.006870707 -0.000532355 -0.004031270 0.999991715 0.023272175
0.999988735 0.004704096 0.000645206 -0.015883071 -0.004706248 0.999983251 0.003375180 0.006791874 -0.000629318 -0.003378178 0.999994099 0.022910984
0.999989092 0.004531211 0.001108391 -0.013390625 -0.004533995 0.999986529 0.002521849 0.006618263 -0.001096950 -0.002526847 0.999996185 0.026485236
0.999985218 0.005174772 0.001659490 -0.014525630 -0.005178562 0.999983966 0.002287806 0.005842521 -0.001647625 -0.002296366 0.999996006 0.025522156
0.999983370 0.005401721 0.002011289 -0.014376551 -0.005405460 0.999983668 0.001857962 0.005422260 -0.002001219 -0.001868803 0.999996245 0.018184207
0.999983907 0.005401704 0.001748545 -0.013851740 -0.005404206 0.999984384 0.001429062 0.006286415 -0.001740798 -0.001438488 0.999997437 0.018930979
0.999987841 0.004597526 0.001786763 -0.014351505 -0.004599802 0.999988616 0.001271670 0.005742365 -0.001780896 -0.001279873 0.999997616 0.019889900
0.999988735 0.004442802 0.001678087 -0.012387226 -0.004442735 0.999990106 -0.000043951 0.004732806 -0.001678266 0.000036495 0.999998569 0.020155778
0.999980748 0.005850125 0.002062646 -0.012700007 -0.005848687 0.999982655 -0.000702760 0.003929503 -0.002066721 0.000690682 0.999997616 0.017293843
0.999978602 0.005683479 0.003241790 -0.011190879 -0.005677164 0.999981999 -0.001954115 0.004103287 -0.003252837 0.001935669 0.999992847 0.014973953
0.999979615 0.005328908 0.003522296 -0.011672861 -0.005322211 0.999984026 -0.001907879 0.004050607 -0.003532407 0.001889093 0.999991953 0.015628675
0.999970496 0.005973952 0.004830865 -0.013003998 -0.005961440 0.999978840 -0.002600372 0.003516731 -0.004846297 0.002571496 0.999984980 0.012472688
0.999968112 0.006264216 0.004953368 -0.012172241 -0.006249589 0.999976099 -0.002962857 0.002991816 -0.004971809 0.002931806 0.999983370 0.011366763
0.999962807 0.006930114 0.005133647 -0.012404175 -0.006912533 0.999970198 -0.003434600 0.002747610 -0.005157297 0.003398986 0.999980927 0.011517265
0.999971747 0.004823007 0.005766879 -0.012439256 -0.004803226 0.999982536 -0.003439127 0.001391976 -0.005783366 0.003411330 0.999977469 0.006962416
0.999985039 0.003734006 0.003993095 -0.009032352 -0.003711979 0.999977946 -0.005509736 -0.000146630 -0.004013580 0.005494832 0.999976873 0.003957372
0.999985695 0.003348377 0.004175831 -0.010553840 -0.003324067 0.999977589 -0.005814985 -0.001145624 -0.004195208 0.005801022 0.999974370 0.003113710
0.999984801 0.003551534 0.004213735 -0.011815431 -0.003522952 0.999970853 -0.006771350 -0.000057880 -0.004237661 0.006756403 0.999968171 0.004498719
0.999989569 0.002417848 0.003867444 -0.010952753 -0.002391863 0.999974608 -0.006709319 0.001022470 -0.003883568 0.006699999 0.999970019 0.004718039
0.999990821 0.002282452 0.003626165 -0.010023980 -0.002262150 0.999981821 -0.005593020 -0.000684832 -0.003638865 0.005584766 0.999977767 0.003816220
0.999995410 0.000128605 0.003026583 -0.009967643 -0.000112244 0.999985397 -0.005405379 -0.000102495 -0.003027234 0.005405015 0.999980807 0.002960617
0.999996185 0.001053054 0.002546115 -0.011117009 -0.001040137 0.999986589 -0.005069024 -0.000326015 -0.002551419 0.005066357 0.999983907 0.001175872
0.999991894 0.003987696 0.000558893 -0.015483912 -0.003981967 0.999943078 -0.009901341 0.002189009 -0.000598345 0.009899036 0.999950826 -0.000318273
0.999997020 0.002314691 0.000809295 -0.015648061 -0.002306963 0.999952972 -0.009422042 0.001743511 -0.000831066 0.009420146 0.999955297 -0.001799670
0.999989867 0.003719239 0.002534357 -0.017442647 -0.003694875 0.999947548 -0.009551101 0.002476359 -0.002569747 0.009541640 0.999951184 0.001550082
0.999997854 0.001606582 0.001298472 -0.014724870 -0.001594834 0.999958217 -0.008998385 0.002803309 -0.001312874 0.008996294 0.999958694 0.006396736
0.999996245 0.002437537 0.001245962 -0.016492426 -0.002427579 0.999965608 -0.007932532 -0.001169857 -0.001265255 0.007929477 0.999967754 -0.003539627
0.999983191 0.005763480 0.000660042 -0.020064993 -0.005756443 0.999931335 -0.010206976 0.003774204 -0.000718824 0.010203005 0.999947667 0.002526837
0.999989271 0.004618661 0.000381875 -0.020630924 -0.004614769 0.999942958 -0.009632682 0.000179433 -0.000426343 0.009630816 0.999953508 0.000877653
0.999976337 0.006824376 0.000876567 -0.025308132 -0.006813462 0.999905944 -0.011901740 0.003083057 -0.000957707 0.011895486 0.999928772 0.001860976
0.999960363 0.008744813 0.001668134 -0.031329654 -0.008730322 0.999925733 -0.008504476 0.004022700 -0.001742380 0.008489576 0.999962449 0.002566032
0.999954581 0.009082601 0.002890159 -0.033565640 -0.009062520 0.999935210 -0.006887115 0.002683959 -0.002952524 0.006860610 0.999972105 0.001887994
0.999958098 0.008218819 0.004025748 -0.042498570 -0.008175226 0.999909043 -0.010727922 0.004730983 -0.004113553 0.010694562 0.999934375 0.006254160
0.999933600 0.010205297 0.005357672 -0.049053896 -0.010140975 0.999877810 -0.011898442 0.007731341 -0.005478444 0.011843319 0.999914885 0.000055172
0.999948442 0.008499898 0.005553873 -0.050275348 -0.008453571 0.999929726 -0.008312291 0.004605868 -0.005624136 0.008264913 0.999950051 0.001993579
0.999934435 0.009907529 0.005744444 -0.053034596 -0.009858548 0.999915361 -0.008493197 0.007120311 -0.005828104 0.008436008 0.999947429 0.003413572
0.999920666 0.010553582 0.006874797 -0.064430416 -0.010506356 0.999921203 -0.006869660 0.006273614 -0.006946755 0.006796886 0.999952793 0.000461452
0.999887705 0.011872256 0.009143552 -0.075079635 -0.011793903 0.999893665 -0.008575982 0.009476242 -0.009244396 0.008467182 0.999921441 -0.000498837
0.999863803 0.012479042 0.010802234 -0.077923007 -0.012397582 0.999894440 -0.007575431 0.007971778 -0.010895628 0.007440478 0.999912977 -0.004847715
0.999801755 0.012822849 0.015232989 -0.087515645 -0.012735100 0.999901831 -0.005843562 0.008767761 -0.015306424 0.005648410 0.999866903 -0.005422862
0.999770880 0.009827754 0.019015936 -0.102714218 -0.009672757 0.999919355 -0.008225804 0.011253244 -0.019095244 0.008039983 0.999785364 -0.003694560
0.999776721 0.008822241 0.019200630 -0.105848238 -0.008643948 0.999918938 -0.009349052 0.010201673 -0.019281553 0.009180995 0.999771953 -0.002712815
0.999764919 0.006993575 0.020522162 -0.121243417 -0.006726774 0.999892354 -0.013040955 0.009312130 -0.020611156 0.012899842 0.999704361 -0.001154036
0.999700785 0.009428330 0.022571078 -0.144286320 -0.009338244 0.999948025 -0.004093305 0.012235562 -0.022608498 0.003881306 0.999736845 0.002212879
0.999655604 0.010187568 0.024184544 -0.161048606 -0.010001814 0.999919653 -0.007789250 0.016152795 -0.024261953 0.007544678 0.999677181 0.009723371
0.999685705 0.005269547 0.024509260 -0.172606945 -0.005132149 0.999970794 -0.005665469 0.015740767 -0.024538400 0.005537903 0.999683559 0.008972933
0.999578357 0.005275678 0.028552361 -0.186680809 -0.005149202 0.999976635 -0.004501321 0.017050838 -0.028575441 0.004352401 0.999582171 0.009576697
0.999505877 0.007223230 0.030591464 -0.214113593 -0.007101331 0.999966443 -0.004091517 0.020825198 -0.030619990 0.003872255 0.999523580 0.013379628
0.999599397 0.012180352 0.025546951 -0.229276136 -0.012182869 0.999925792 -0.000057105 0.021735234 -0.025545750 -0.000254153 0.999673605 0.010210581
0.999747336 0.012794319 0.018482892 -0.229700759 -0.012782007 0.999917984 -0.000784045 0.024443040 -0.018491408 0.000547598 0.999828875 0.012578974
0.999874175 0.012410370 0.009882454 -0.237006560 -0.012438217 0.999918818 0.002761366 0.027672291 -0.009847382 -0.002883939 0.999947369 0.017482698
0.999567509 0.019080555 -0.022376224 -0.249722883 -0.018964645 0.999805689 0.005380957 0.034978125 0.022474548 -0.004954272 0.999735117 0.022490049
0.999244213 0.023060607 -0.031291835 -0.252018958 -0.022798419 0.999702156 0.008709947 0.036503874 0.031483371 -0.007989960 0.999472320 0.024785621
0.998998523 0.021060310 -0.039477050 -0.258892268 -0.020611230 0.999718547 0.011748481 0.036867809 0.039713364 -0.010923044 0.999151409 0.032582916
0.997510731 0.030875171 -0.063395955 -0.270586401 -0.029524827 0.999319077 0.022127846 0.046963379 0.064035989 -0.020201011 0.997743130 0.066452771
0.996388555 0.030234812 -0.079345815 -0.288516104 -0.028217888 0.999252617 0.026418960 0.045431431 0.080085285 -0.024084577 0.996496975 0.085179888
0.995815039 0.029854337 -0.086377703 -0.290500879 -0.027623428 0.999256134 0.026908619 0.047201835 0.087116793 -0.024409959 0.995899022 0.093345501
0.994307697 0.033385113 -0.101181120 -0.308097392 -0.030986756 0.999202490 0.025183706 0.047548391 0.101941191 -0.021905078 0.994549215 0.116356097
0.991066515 0.038566053 -0.127670914 -0.336855263 -0.035297893 0.998991132 0.027763449 0.048073947 0.128612831 -0.023008911 0.991427898 0.171989739
0.988404870 0.045749251 -0.144785404 -0.353940010 -0.041778982 0.998665929 0.030346081 0.047399167 0.145980552 -0.023945227 0.988997638 0.214882001
0.988057077 0.046879418 -0.146783918 -0.356295884 -0.042793941 0.998606861 0.030870227 0.049288746 0.148026600 -0.024220087 0.988686740 0.220221549
0.985727191 0.048149705 -0.161318138 -0.364052892 -0.042674951 0.998394966 0.037234288 0.049056619 0.162852034 -0.029818607 0.986199796 0.261114120
0.985302746 0.048298284 -0.163846761 -0.369998306 -0.042454809 0.998337567 0.038982470 0.048581131 0.165457174 -0.031453453 0.985715270 0.267093420
0.981745720 0.044358552 -0.184953123 -0.375760674 -0.037361972 0.998454332 0.041145738 0.046887256 0.186492413 -0.033484440 0.981885612 0.305246502
0.980782986 0.046640679 -0.189444944 -0.383458018 -0.039429400 0.998353541 0.041659608 0.049248599 0.191076055 -0.033389334 0.981007159 0.317675859
0.980323970 0.046372380 -0.191871122 -0.381668657 -0.038732894 0.998307586 0.043378673 0.049402334 0.193557978 -0.035093430 0.980461001 0.328495950
0.978636920 0.054231472 -0.198314786 -0.401160479 -0.045458637 0.997786820 0.048528649 0.052082904 0.200507656 -0.038476806 0.978936255 0.368443429
0.978151321 0.053569522 -0.200873911 -0.404821992 -0.044402830 0.997768283 0.049868502 0.052549373 0.203097045 -0.039859571 0.978347003 0.375458896
0.974412918 0.055804871 -0.217727587 -0.440887511 -0.045783672 0.997658551 0.050806638 0.058197215 0.220053047 -0.039538275 0.974686325 0.393978536
0.974285007 0.055387724 -0.218405321 -0.456839710 -0.045124870 0.997642398 0.051705047 0.060750522 0.220754221 -0.040519945 0.974487424 0.405493587
0.974154592 0.057549100 -0.218428418 -0.478972703 -0.047132507 0.997502387 0.052607697 0.064205229 0.220910385 -0.040952951 0.974433899 0.413441658
0.974402308 0.056408074 -0.217619628 -0.484912068 -0.045671869 0.997492790 0.054057054 0.066110484 0.220123276 -0.042734224 0.974535525 0.418491274
0.975769639 0.057131127 -0.211209834 -0.506769478 -0.046208404 0.997344136 0.056297738 0.072777703 0.213865250 -0.045173954 0.975818098 0.429306537
0.977954924 0.057229903 -0.200820699 -0.530570269 -0.045897815 0.997103751 0.060641944 0.068703808 0.203709617 -0.050087858 0.977749228 0.425233513
0.982151747 0.057011783 -0.179241732 -0.573635519 -0.046208087 0.996886909 0.063885495 0.074771024 0.182325959 -0.054462835 0.981728613 0.436615735
0.985080540 0.058276832 -0.161926299 -0.621979892 -0.048295639 0.996721745 0.064910330 0.085004151 0.165178239 -0.056121569 0.984665692 0.456000298
0.985477328 0.062695332 -0.157809213 -0.643301427 -0.052740127 0.996391356 0.066503637 0.093245603 0.161409214 -0.057214946 0.985227644 0.471411020
0.985850215 0.070573397 -0.152048692 -0.687494040 -0.060201589 0.995602369 0.071775004 0.090551354 0.156445459 -0.061605826 0.985763431 0.457504302
0.987872422 0.059759609 -0.143307060 -0.732781351 -0.051108707 0.996684432 0.063308775 0.091562316 0.146615222 -0.055216756 0.987651289 0.467573911
0.988930523 0.058884881 -0.136194617 -0.750731468 -0.050650705 0.996717513 0.063156411 0.098611645 0.139466524 -0.055558950 0.988666952 0.476124734
0.991247952 0.054350220 -0.120306045 -0.797886908 -0.046608340 0.996713400 0.066257447 0.109228708 0.123511754 -0.060070291 0.990523279 0.499235988
0.992189407 0.051847573 -0.113454886 -0.869931221 -0.042534247 0.995639443 0.083023831 0.115879558 0.117264740 -0.077549651 0.990068197 0.502663493
0.992629945 0.055357173 -0.107802540 -0.889560759 -0.046264619 0.995298326 0.085093126 0.125389397 0.112006202 -0.079478540 0.990523994 0.512591422
0.994532168 0.043526329 -0.094927393 -0.918553531 -0.035094172 0.995434999 0.088755734 0.146135569 0.098357260 -0.084939040 0.991519630 0.559490919
0.995228767 0.034654681 -0.091207385 -0.941746116 -0.026347481 0.995524347 0.090758108 0.152166411 0.093944371 -0.087921992 0.991687536 0.585959375
0.995451868 0.032994423 -0.089369938 -0.943817914 -0.024758210 0.995474458 0.091747843 0.150755122 0.091992654 -0.089117914 0.991763771 0.585412204
0.996819615 0.036619578 -0.070779122 -1.003617644 -0.029227465 0.994273603 0.102789812 0.163481653 0.074137934 -0.100394204 0.992181718 0.635913193
0.997136295 0.037129231 -0.065883897 -1.019805551 -0.030395931 0.994481683 0.100410797 0.161303043 0.069248505 -0.098120645 0.992762327 0.631511092
0.998094141 0.041746635 -0.045445520 -1.056050539 -0.036493413 0.993167162 0.110847622 0.166554540 0.049762513 -0.108977899 0.992797792 0.665947616
0.998518288 0.036247291 -0.040587321 -1.099346638 -0.031556778 0.993344486 0.110774122 0.171000630 0.044332452 -0.109329179 0.993016481 0.723174334
0.999101102 0.032011822 -0.027789863 -1.122249842 -0.028754167 0.993448138 0.110607445 0.170695648 0.031148532 -0.109708942 0.993475556 0.754856765
0.999149680 0.033794384 -0.023619846 -1.127805948 -0.031013392 0.993497133 0.109552115 0.166073918 0.027168494 -0.108726427 0.993700385 0.756784558
0.999632359 0.026809461 -0.004050338 -1.167049885 -0.026161348 0.992942512 0.115675189 0.163669646 0.007122942 -0.115526699 0.993278861 0.803813934
0.999728382 0.023079973 -0.003239758 -1.171410441 -0.022538569 0.992795765 0.117679842 0.159592360 0.005932466 -0.117574856 0.993046284 0.809332669
0.999878168 0.014320061 0.006208119 -1.192400098 -0.014993148 0.991777480 0.127092987 0.148679867 -0.004337094 -0.127170578 0.991871357 0.820280373
0.999976218 0.003512672 0.005930746 -1.218903184 -0.004252975 0.991527736 0.129825518 0.150333911 -0.005424465 -0.129847646 0.991519094 0.834466100
0.999966502 0.008176500 -0.000440767 -1.246904492 -0.008055690 0.991988003 0.126075044 0.151077121 0.001468088 -0.126067266 0.992020607 0.854884028
0.999986351 0.002630303 0.004519112 -1.264889002 -0.003149937 0.992874444 0.119123653 0.139551401 -0.004173580 -0.119136266 0.992869139 0.869106293
0.999976993 0.002108697 0.006447343 -1.267795801 -0.002857140 0.992964685 0.118376359 0.141048208 -0.006152364 -0.118392058 0.992947876 0.875774562
0.999953151 0.001851737 0.009498439 -1.275847316 -0.002957636 0.993036211 0.117772490 0.137078419 -0.009214210 -0.117795072 0.992995203 0.878860891
0.999510109 -0.007082239 0.030485606 -1.325179696 0.003733576 0.994086146 0.108530201 0.138863340 -0.031073956 -0.108363211 0.993625581 0.891274631
0.999158919 -0.009144452 0.039972648 -1.342464924 0.004847095 0.994321167 0.106310323 0.139971092 -0.040717803 -0.106027156 0.993529201 0.900407255
0.999061763 -0.008875281 0.042389210 -1.351252079 0.004381359 0.994467378 0.104954295 0.137379080 -0.043086186 -0.104670100 0.993573248 0.899117351
0.997996747 -0.018411636 0.060527347 -1.413350821 0.011798899 0.994097471 0.107847102 0.135129407 -0.062155727 -0.106916897 0.992323279 0.902851522
0.997392178 -0.020278780 0.069265068 -1.436621904 0.012626890 0.993942380 0.109174497 0.129828975 -0.071059413 -0.108015180 0.991606414 0.892598271
0.995703042 -0.023715727 0.089515314 -1.501498222 0.014185498 0.994303644 0.105636567 0.131890431 -0.091510653 -0.103912838 0.990367591 0.890554667
0.994769037 -0.018076355 0.100537576 -1.535580873 0.007292979 0.994274497 0.106607199 0.141020238 -0.101889014 -0.105316326 0.989205301 0.898863256
0.992732227 -0.023558065 0.118016101 -1.597725868 0.010959735 0.994275510 0.106283180 0.149239108 -0.119844340 -0.104217306 0.987307489 0.890769184
0.992509246 -0.025642842 0.119447827 -1.610389471 0.012725675 0.994104922 0.107673168 0.146683440 -0.121504717 -0.105346568 0.986984670 0.883351803
0.992537498 -0.023692045 0.119616233 -1.624134898 0.010782034 0.994152784 0.107443117 0.149355412 -0.121462360 -0.105351612 0.986989319 0.877438188
0.992177844 -0.029726136 0.121241406 -1.720295787 0.017359430 0.994652450 0.101809546 0.159732088 -0.123619460 -0.098908491 0.987388134 0.857307911
0.992140174 -0.028224776 0.121906787 -1.728302002 0.015605964 0.994532764 0.103252329 0.161814854 -0.124154568 -0.100538306 0.987156391 0.861226559
0.991903067 -0.023539104 0.124796838 -1.749196768 0.011073828 0.994960666 0.099652529 0.170170292 -0.126513675 -0.097463667 0.987165213 0.868772030
0.992315173 -0.021686612 0.121820964 -1.761635900 0.008317033 0.993984818 0.109201603 0.183080167 -0.123456404 -0.107349217 0.986526549 0.887301505
0.992318928 -0.022086423 0.121718124 -1.765883446 0.008959793 0.994180501 0.107353918 0.191857472 -0.123380847 -0.105438761 0.986742020 0.894630849
0.992454410 -0.023625568 0.120316394 -1.777870774 0.011090578 0.994535744 0.103806116 0.199758425 -0.122111432 -0.101688467 0.987293422 0.900367618
0.991765499 -0.028791850 0.124788709 -1.809969902 0.015133801 0.993921518 0.109045602 0.197729081 -0.127169818 -0.106259137 0.986172795 0.932037115
0.991101027 -0.039916795 0.126985997 -1.841136575 0.025518017 0.993260562 0.113058537 0.196304619 -0.130643114 -0.108811997 0.985440195 0.949957848
0.990543306 -0.050120279 0.127718017 -1.852138877 0.034528710 0.991991639 0.121492028 0.196124822 -0.132784426 -0.115933180 0.984341323 0.971453846
0.990794241 -0.051681161 0.125123307 -1.859822631 0.036507420 0.992022216 0.120661139 0.203060374 -0.130361006 -0.114982434 0.984776676 0.983636320
0.989992619 -0.052628130 0.130938649 -1.916457772 0.035603151 0.990989387 0.129122004 0.195189148 -0.136554256 -0.123167999 0.982945859 1.009951591
0.985974669 -0.059293855 0.156006888 -2.010996342 0.040182166 0.991602004 0.122926041 0.170127809 -0.161985502 -0.114933267 0.980077028 1.022479415
0.985938370 -0.058284000 0.156615853 -2.018971443 0.039597966 0.991997361 0.119888373 0.175088838 -0.162350088 -0.112000883 0.980356216 1.028674603
0.986650884 -0.058151662 0.152113125 -2.023989916 0.040314779 0.992215931 0.117822833 0.175111502 -0.157780662 -0.110117592 0.981315136 1.037009478
0.987354219 -0.044517055 0.152150974 -2.036792040 0.026494714 0.992601931 0.118487909 0.178496838 -0.156300083 -0.112958334 0.981229186 1.045441747
0.985582471 -0.048663456 0.162046596 -2.074867010 0.030114468 0.992907047 0.115016274 0.182481483 -0.166494295 -0.108478077 0.980057240 1.070302486
0.985217154 -0.046549585 0.164864406 -2.082367182 0.027589731 0.992926657 0.115479417 0.178906694 -0.169073790 -0.109223738 0.979532659 1.078660607
0.985613286 -0.039161891 0.164416611 -2.104527950 0.020680802 0.993419886 0.112646341 0.187744319 -0.167746186 -0.107625462 0.979937732 1.088573933
0.985169411 -0.032748915 0.168430120 -2.137581587 0.014655437 0.994089961 0.107565552 0.181140572 -0.170957342 -0.103501871 0.979826987 1.108306408
0.984265745 -0.034121405 0.173368514 -2.170242071 0.016782299 0.994794369 0.100511558 0.170272440 -0.175895616 -0.096020564 0.979714632 1.100357890
0.980783224 -0.032947380 0.192298487 -2.255027294 0.016662093 0.996181786 0.085698426 0.161047027 -0.194387794 -0.080847487 0.977587342 1.112893462
0.976250172 -0.037069362 0.213451460 -2.307814598 0.019959481 0.996451914 0.081762820 0.141205758 -0.215725020 -0.075560585 0.973526239 1.121031523
0.973403394 -0.032862101 0.226728752 -2.334665060 0.015957821 0.996980727 0.075991623 0.149194181 -0.228541449 -0.070352405 0.970988870 1.140333772
0.973095059 -0.036962550 0.227419749 -2.330756187 0.019577339 0.996742904 0.078232214 0.147733301 -0.229570687 -0.071675107 0.970649242 1.149395347
0.971754193 -0.045057107 0.231654048 -2.330410480 0.027593145 0.996564806 0.078084432 0.160987467 -0.234376535 -0.069486812 0.969659328 1.159091711
0.970794141 -0.052010830 0.234208569 -2.341956377 0.035034541 0.996486604 0.076072238 0.159981489 -0.237342283 -0.065645099 0.969205558 1.151355028
0.970262647 -0.055591833 0.235584244 -2.365821123 0.039073464 0.996476293 0.074217290 0.157286361 -0.238879994 -0.062805168 0.969015896 1.154944301
0.971144795 -0.057983682 0.231334522 -2.384696484 0.041173961 0.996192455 0.076845549 0.158940211 -0.234909505 -0.065103203 0.969834566 1.142493963
0.972854257 -0.056497451 0.224416241 -2.403251171 0.039027166 0.995905876 0.081537768 0.158308104 -0.228104129 -0.070566036 0.971076190 1.135097027
0.974621654 -0.052435368 0.217630684 -2.423955202 0.034599211 0.995782197 0.084974535 0.169725314 -0.221168444 -0.075288177 0.972325146 1.131826162
0.974700511 -0.048232343 0.218248934 -2.466225386 0.030820213 0.996114790 0.082495131 0.175480679 -0.221379921 -0.073681571 0.972400129 1.138159990
0.976533353 -0.044898242 0.210634142 -2.485985279 0.027192185 0.995905221 0.086217351 0.193686664 -0.213642642 -0.078466520 0.973755538 1.168331027
0.979364693 -0.059118971 0.193260759 -2.490629435 0.043351263 0.995452344 0.084825419 0.190636083 -0.197396666 -0.074696921 0.977473736 1.207662582
0.981882393 -0.059777979 0.179815426 -2.520970345 0.045744777 0.995647192 0.081204288 0.182707593 -0.183886945 -0.071507439 0.980342925 1.246992111
0.983303666 -0.050456978 0.174837068 -2.531074524 0.036667570 0.996021211 0.081223428 0.191782534 -0.178239718 -0.073456444 0.981241465 1.287768722
0.984163344 -0.043268170 0.171902239 -2.550316811 0.028283285 0.995658219 0.088683754 0.196576491 -0.174993053 -0.082417339 0.981114089 1.316873431
0.984721303 -0.042236324 0.168937922 -2.545397043 0.027319783 0.995597124 0.089666016 0.196422935 -0.171981275 -0.083680689 0.981539607 1.327581882
0.985844016 -0.039204884 0.163016945 -2.569758177 0.024217667 0.995378256 0.092928074 0.200566188 -0.165906757 -0.087664694 0.982237160 1.380086064
0.983878970 -0.047234058 0.172485217 -2.639373541 0.028146002 0.993368089 0.111479394 0.187232152 -0.176606938 -0.104827456 0.978683412 1.415976167
0.984457374 -0.044789232 0.169816300 -2.647223473 0.026254896 0.993600428 0.109858558 0.186612263 -0.173650026 -0.103692561 0.979333222 1.423459172
0.985137820 -0.032682329 0.168627828 -2.683509588 0.019419914 0.996629119 0.079707295 0.195543945 -0.170664430 -0.075247936 0.982451737 1.461417675
0.979348361 -0.035487115 0.199041307 -2.747960329 0.020095147 0.996685922 0.078824654 0.195751861 -0.201178938 -0.073197030 0.976815879 1.467222214
0.977336705 -0.040964480 0.207689360 -2.763910055 0.025923831 0.996874154 0.074631281 0.190302342 -0.210097402 -0.067555785 0.975343704 1.472458005
0.975053251 -0.043302912 0.217706233 -2.785697460 0.027350033 0.996750534 0.075764783 0.187149495 -0.220279634 -0.067920424 0.973069191 1.477371573
0.973782063 -0.044349954 0.223117858 -2.796403885 0.027977280 0.996714056 0.076015644 0.178281114 -0.225756004 -0.067780443 0.971823037 1.463095188
0.960770845 -0.052644838 0.272301078 -2.925040722 0.030691598 0.995970726 0.084263809 0.162763104 -0.275639951 -0.072600856 0.958515406 1.426092982
0.954700351 -0.053505048 0.292719096 -2.976652622 0.032142498 0.996488690 0.077312082 0.163644090 -0.295827866 -0.064401150 0.953067899 1.416098595
0.955605984 -0.057209820 0.289040208 -2.970289230 0.037428610 0.996591747 0.073511675 0.170471683 -0.292260677 -0.059429828 0.954490304 1.412597060
0.957795978 -0.053307261 0.282462835 -2.983721256 0.036497187 0.997253478 0.064447396 0.160499975 -0.285122573 -0.051418357 0.957110882 1.397835732
0.959023833 -0.053280018 0.278270662 -2.993979931 0.040216018 0.997813404 0.052450370 0.175834373 -0.280456752 -0.039110214 0.959069550 1.413261771
0.959655285 -0.059543569 0.274802387 -2.998071909 0.046036769 0.997405291 0.055347562 0.178576022 -0.277384937 -0.040463563 0.959906399 1.417037606
0.959948778 -0.064951703 0.272542775 -3.001766205 0.052243013 0.997192860 0.053638391 0.182748884 -0.275261611 -0.037251655 0.960647345 1.429535985
0.961303294 -0.068348154 0.266879261 -2.996903896 0.056255624 0.997024298 0.052705690 0.178283960 -0.269687444 -0.035652693 0.962287664 1.443123937
0.956795931 -0.081075758 0.279227972 -3.006060600 0.071184270 0.996429384 0.045401771 0.187179342 -0.281911910 -0.023563592 0.959150910 1.491358757
0.956156313 -0.085698716 0.280037135 -2.994299173 0.076018266 0.996078253 0.045270003 0.192329988 -0.282818496 -0.021997266 0.958921194 1.503339887
0.951342046 -0.087233208 0.295531124 -3.039224625 0.075907290 0.995880187 0.049605709 0.165429562 -0.298640847 -0.024759034 0.954044342 1.478436232
0.950872779 -0.084996387 0.297685295 -3.041037083 0.074749358 0.996156394 0.045660853 0.169503465 -0.300422132 -0.021165878 0.953571498 1.496925354
0.950585425 -0.083181754 0.299112290 -3.042543411 0.073352873 0.996336758 0.043959644 0.172448337 -0.301673204 -0.019846652 0.953204811 1.503036380
0.949681401 -0.083628833 0.301846713 -3.048508883 0.075983621 0.996422231 0.037003540 0.173389241 -0.303861350 -0.012206168 0.952638090 1.538496017
0.949912250 -0.082908116 0.301318735 -3.048364162 0.076547004 0.996523738 0.032878708 0.177062720 -0.302997172 -0.008166843 0.952956438 1.555784225
0.946985781 -0.093868159 0.307256758 -3.039956093 0.091205262 0.995565355 0.023048481 0.178960681 -0.308057696 0.006196846 0.951347530 1.561743498
0.945605576 -0.094120756 0.311402321 -3.051045656 0.092093401 0.995523751 0.021243937 0.179056033 -0.312007904 0.008589708 0.950040698 1.571970463
0.946408272 -0.096686594 0.308160871 -3.044981956 0.094592378 0.995278120 0.021764759 0.170533016 -0.308810145 0.008551320 0.951085269 1.544220328
0.944094121 -0.093669824 0.316089064 -3.048517227 0.095736049 0.995365858 0.009022468 0.173523828 -0.315469414 0.021743054 0.948686600 1.568687201
0.943233669 -0.086274117 0.320728898 -3.049416065 0.087949008 0.996081650 0.009290092 0.159287453 -0.320273668 0.019445056 0.947125494 1.573457360
0.930409551 -0.086876959 0.356076539 -3.103147030 0.091980442 0.995757401 0.002608683 0.165156126 -0.354792476 0.030324932 0.934453130 1.583928823
0.921136916 -0.091074735 0.378433883 -3.123365641 0.097882323 0.995197237 0.001253309 0.166805580 -0.376730502 0.035887513 0.925627470 1.602052689
0.913899720 -0.099670805 0.393513650 -3.135447741 0.108894385 0.994052708 -0.001119446 0.169427171 -0.391061753 0.043874487 0.919318080 1.623998404
0.913100719 -0.098879524 0.395562857 -3.137214661 0.109071776 0.994028389 -0.003297721 0.167750224 -0.392874628 0.046155889 0.918433011 1.620613337
0.905632615 -0.095588729 0.413149357 -3.159376621 0.109723091 0.993906081 -0.010559344 0.152458936 -0.409622312 0.054894902 0.910602093 1.625719547
0.900452077 -0.093950860 0.424687266 -3.257443666 0.115141779 0.993048191 -0.024446044 0.146044061 -0.419438183 0.070911735 0.905010045 1.561461329
0.900243282 -0.089252494 0.426140904 -3.273209333 0.113247581 0.993075311 -0.031247709 0.160924032 -0.420401067 0.076389961 0.904116988 1.566486716
0.904204547 -0.095555425 0.416273057 -3.321249962 0.126019016 0.990948677 -0.046259187 0.157009572 -0.408084899 0.094286092 0.908062100 1.546420693
0.904205203 -0.098249048 0.415644228 -3.337141991 0.132141083 0.989786088 -0.053500373 0.145919010 -0.406142503 0.103298992 0.907952428 1.549404263
0.909925044 -0.097368650 0.403182000 -3.376173258 0.136960968 0.988065660 -0.070483275 0.148000538 -0.391507417 0.119354695 0.912401438 1.542660713
0.908413231 -0.100549772 0.405801892 -3.432400227 0.137836397 0.988407910 -0.063647367 0.121401995 -0.394698054 0.113752380 0.911742210 1.496272326
0.911551833 -0.112625189 0.395460218 -3.450954914 0.148182794 0.987111211 -0.060442790 0.116352305 -0.383555830 0.113697134 0.916492164 1.516100883
0.914848328 -0.117953323 0.386185974 -3.447705746 0.158014745 0.984692216 -0.073570274 0.121348076 -0.371596456 0.128328711 0.919482350 1.533235788
0.914860368 -0.118631683 0.385949522 -3.444643259 0.160129815 0.984081030 -0.077091001 0.124794401 -0.370660186 0.132329524 0.919293165 1.545732737
0.915350199 -0.125737891 0.382523149 -3.470705748 0.170409903 0.981692493 -0.085089765 0.120172419 -0.364821106 0.143072665 0.920019448 1.589581013
0.907699227 -0.128471985 0.399470925 -3.576159000 0.172556937 0.982042789 -0.076262884 0.087914594 -0.382499903 0.138155237 0.913568258 1.560592771
0.906613529 -0.130149379 0.401388943 -3.583064556 0.174323857 0.981797457 -0.075398296 0.087555520 -0.384269595 0.138328791 0.912799001 1.572844744
0.905244887 -0.125474036 0.405940861 -3.662414551 0.171172589 0.982137501 -0.078140333 0.071335599 -0.388885170 0.140222073 0.910552621 1.619167328
0.908966959 -0.118211843 0.399756223 -3.682508230 0.167351201 0.981761813 -0.090207100 0.067705363 -0.381801844 0.148894951 0.912171960 1.634213805
0.910988808 -0.119880028 0.394624084 -3.670739889 0.168527082 0.981498361 -0.090882018 0.068554237 -0.376427948 0.149297342 0.914337099 1.646041393
0.913068295 -0.120915599 0.389468551 -3.697199821 0.168258026 0.981653631 -0.089696147 0.069103092 -0.371477574 0.147429913 0.916661799 1.693383694
0.911214769 -0.118696965 0.394459963 -3.719884157 0.166920692 0.981840670 -0.090146281 0.069280662 -0.376596749 0.147986144 0.914480746 1.722926259
0.915122807 -0.121426314 0.384455264 -3.726038456 0.170224980 0.980774343 -0.095420614 0.061873488 -0.365477324 0.152765468 0.918198824 1.770323753
0.912211061 -0.117812261 0.392417222 -3.773040533 0.164195627 0.982611418 -0.086686790 0.052523516 -0.375380874 0.143509835 0.915693283 1.792025685
0.911898851 -0.116580769 0.393509120 -3.781528473 0.163510531 0.982626915 -0.087798871 0.055357382 -0.376436979 0.144406572 0.915118515 1.818886042
0.910223842 -0.118107229 0.396917164 -3.790488720 0.166365072 0.982011855 -0.089305192 0.058411412 -0.379229754 0.147320867 0.913499534 1.840628028
0.904854536 -0.111762784 0.410788625 -3.867638588 0.165343076 0.981435835 -0.097187281 0.033153713 -0.392300755 0.155861408 0.906535923 1.876379490
0.904390097 -0.113309957 0.411387146 -3.880433798 0.165739954 0.981681883 -0.093972899 0.036428951 -0.393203259 0.153171450 0.906603396 1.885958672
0.888446271 -0.113915317 0.444619536 -3.964478970 0.170223266 0.981405437 -0.088698596 0.028967246 -0.426247895 0.154488519 0.891317010 1.947372794
0.876537919 -0.116110273 0.467118472 -4.051693916 0.176028296 0.980570555 -0.086575814 0.023424864 -0.447990298 0.158113047 0.879945993 1.971351624
0.870682955 -0.122901097 0.476242065 -4.129149437 0.186423302 0.978492379 -0.088311799 0.014862821 -0.455145627 0.165674195 0.874868274 1.984501481
0.869016707 -0.120908119 0.479782432 -4.157734871 0.186451793 0.978222311 -0.091196984 0.017978206 -0.458307415 0.168708012 0.872635007 1.991653085
0.867360711 -0.114004366 0.484446466 -4.242606640 0.181236133 0.978925526 -0.094118394 0.021218807 -0.463507116 0.169433802 0.869743288 2.002566338
0.876646996 -0.113964088 0.467442274 -4.281130314 0.179764122 0.978765309 -0.098505408 0.026880205 -0.446290225 0.170383826 0.878518343 2.021920204
0.877614379 -0.113179378 0.465814888 -4.282525063 0.181912124 0.977672935 -0.105184011 0.038261428 -0.443509936 0.177048370 0.878608465 2.040413380
0.879682779 -0.110198863 0.462616861 -4.302389622 0.181526005 0.976933897 -0.112465225 0.034843028 -0.439552575 0.182910711 0.879395962 2.053406477
0.882325172 -0.099862732 0.459923685 -4.336684227 0.172770411 0.977728546 -0.119152479 0.035045221 -0.437781602 0.184592426 0.879927814 2.119060755
0.875804007 -0.102491878 0.471659601 -4.368529797 0.174543381 0.978314519 -0.111513697 0.037971050 -0.450002193 0.179989204 0.874701023 2.148362637
0.871926904 -0.102831766 0.478716075 -4.396752357 0.176433295 0.978003144 -0.111270860 0.029717550 -0.456743658 0.181481510 0.870890200 2.172633410
0.871594965 -0.105761603 0.478682280 -4.408108711 0.179439992 0.977514744 -0.110752925 0.030437827 -0.456205577 0.182426438 0.870974779 2.192303896
0.864931643 -0.104236417 0.490946025 -4.483189583 0.176936686 0.978720427 -0.103921473 0.022031143 -0.469666511 0.176751345 0.864969552 2.238896847
0.862731338 -0.104493588 0.494748175 -4.509052753 0.171415865 0.980918527 -0.091735847 0.010920644 -0.475721836 0.163951069 0.864180982 2.273709774
0.861266851 -0.109042481 0.496315628 -4.532886982 0.172784358 0.981351614 -0.084229529 -0.001091987 -0.477875531 0.158299670 0.864046454 2.304406881
0.859763205 -0.113433234 0.497935891 -4.530671597 0.178183347 0.980377555 -0.084324285 0.000176549 -0.478599966 0.161222801 0.863104463 2.311845064
0.861334026 -0.115163296 0.494814217 -4.565574646 0.184799671 0.978270292 -0.094001807 -0.016488597 -0.473236471 0.172408447 0.863899648 2.337964058
0.864235342 -0.112101145 0.490439236 -4.576179504 0.180960357 0.978878081 -0.095137142 -0.012284994 -0.469415218 0.170970932 0.866266847 2.352427244
0.865614653 -0.109259635 0.488644689 -4.579725266 0.177968100 0.979313672 -0.096291520 -0.006731138 -0.468015671 0.170314521 0.867152989 2.362554789
0.866428494 -0.094138801 0.490346432 -4.625345230 0.162230477 0.981858850 -0.098155290 0.004039943 -0.472210765 0.164593682 0.865982652 2.413857222
0.862847149 -0.093197681 0.496798784 -4.642866135 0.162351429 0.981876552 -0.097777732 -0.005022004 -0.478682399 0.165023223 0.862340152 2.419342995
0.848025441 -0.095599033 0.521261632 -4.729117870 0.169688687 0.980792642 -0.096184894 -0.013872057 -0.502054393 0.170019448 0.847959161 2.457744598
0.847028255 -0.096563362 0.522703290 -4.734795570 0.172034293 0.980235040 -0.097690456 -0.012798265 -0.502938807 0.172669455 0.846898973 2.459789515
0.835826218 -0.094296999 0.540835083 -4.811351776 0.178041220 0.978452802 -0.104553804 -0.015449613 -0.519322515 0.183679745 0.834605217 2.521543503
